frames = 101 markers = 13 Hz = 30		
-73	-21	120
-80	-6	63
-18	-24	106
-93	-9	10
25	-15	72
-106	-12	-44
30	-39	21
-28	19	-1
7	2	3
-24	12	-94
7	3	-89
-22	1	-190
10	-1	-190
-72	-21	119
-79	-7	63
-18	-23	106
-90	-9	9
27	-15	74
-102	-12	-46
30	-39	23
-28	19	-1
7	3	3
-24	11	-94
7	3	-90
-22	1	-190
10	-1	-190
-70	-21	119
-78	-8	63
-16	-22	106
-87	-10	8
30	-13	76
-96	-12	-47
31	-39	27
-28	18	-2
7	4	3
-24	11	-95
7	3	-91
-22	1	-190
10	-1	-190
-69	-20	120
-77	-9	64
-14	-20	107
-84	-11	8
33	-11	79
-91	-13	-47
32	-39	31
-28	17	-2
7	4	2
-30	7	-95
7	3	-91
-22	1	-190
10	-1	-190
-67	-20	120
-75	-10	64
-13	-19	107
-81	-12	8
36	-8	82
-87	-14	-47
34	-39	36
-28	16	-3
7	4	1
-33	5	-95
7	3	-92
-22	1	-190
10	-1	-190
-65	-19	121
-74	-10	65
-11	-16	107
-79	-13	9
39	-3	85
-85	-16	-47
36	-38	42
-28	15	-3
7	4	1
-33	4	-95
7	2	-92
-22	1	-190
10	-1	-190
-61	-18	122
-72	-11	66
-8	-14	107
-78	-15	10
42	1	88
-83	-18	-46
39	-37	47
-27	15	-4
8	4	0
-36	2	-96
8	2	-93
-22	1	-190
10	-1	-190
-58	-16	123
-70	-12	67
-5	-12	107
-77	-16	11
45	5	90
-84	-21	-44
42	-36	53
-27	14	-5
9	4	-1
-36	0	-96
8	2	-94
-22	1	-190
10	-1	-190
-55	-14	124
-68	-12	68
-3	-9	108
-77	-18	14
47	10	92
-87	-24	-41
45	-35	59
-27	12	-5
9	4	-2
-36	-1	-96
8	2	-95
-22	1	-190
10	-1	-190
-51	-13	126
-67	-12	71
0	-6	108
-78	-21	17
49	16	93
-89	-29	-38
48	-33	66
-27	11	-5
9	3	-3
-36	-2	-96
8	1	-96
-22	1	-190
10	-1	-190
-48	-11	127
-64	-13	73
4	-3	108
-78	-24	20
52	22	94
-92	-36	-32
51	-30	73
-27	9	-5
9	2	-4
-36	-4	-97
8	1	-97
-22	1	-190
10	-1	-190
-44	-8	129
-62	-13	77
7	0	107
-78	-28	25
54	27	94
-95	-44	-26
54	-27	81
-27	7	-5
9	1	-4
-36	-5	-97
8	0	-97
-22	1	-190
10	-1	-190
-39	-6	131
-59	-13	80
11	3	107
-79	-33	32
56	32	92
-100	-53	-16
56	-23	88
-27	6	-5
10	0	-4
-36	-6	-97
8	-1	-97
-22	1	-190
10	-1	-190
-35	-4	133
-57	-13	84
14	6	106
-82	-38	41
58	36	90
-107	-63	-3
58	-19	94
-27	4	-5
10	-2	-4
-36	-6	-97
8	-1	-97
-22	1	-190
10	-1	-190
-29	-2	135
-54	-13	89
17	8	106
-84	-42	52
60	40	87
-113	-72	14
59	-14	99
-27	2	-4
10	-3	-4
-36	-6	-97
8	-2	-97
-22	1	-190
10	-1	-190
-25	0	137
-52	-12	94
20	10	105
-84	-46	62
62	42	83
-119	-80	35
60	-10	103
-27	0	-3
10	-4	-3
-34	-6	-97
8	-3	-96
-22	1	-190
10	-1	-190
-21	0	138
-49	-12	97
23	12	104
-84	-49	78
63	44	81
-124	-86	58
61	-6	106
-27	-1	-3
10	-5	-3
-32	-6	-97
8	-3	-96
-22	1	-190
10	-1	-190
-20	2	138
-48	-12	100
24	14	103
-84	-53	87
63	45	78
-127	-88	84
62	-2	108
-26	-5	-3
11	-7	-2
-30	-7	-96
9	-4	-96
-22	1	-190
10	-1	-190
-17	2	138
-46	-13	103
25	14	101
-84	-54	99
63	46	74
-128	-87	108
63	2	109
-26	-7	-3
11	-8	-2
-29	-8	-96
9	-5	-95
-22	1	-190
10	-1	-190
-14	2	138
-43	-15	107
26	14	99
-83	-55	109
63	46	72
-128	-84	128
64	7	110
-26	-9	-3
11	-9	-2
-29	-9	-96
9	-5	-95
-22	1	-190
10	-1	-190
-11	3	138
-40	-17	110
27	14	96
-82	-55	120
63	46	69
-127	-79	145
64	11	113
-26	-11	-3
11	-10	-2
-29	-10	-96
9	-6	-95
-22	1	-190
10	-1	-190
-8	3	138
-38	-18	113
28	14	94
-79	-54	125
63	46	65
-119	-75	158
63	15	113
-26	-12	-3
11	-11	-2
-30	-11	-96
9	-6	-95
-22	1	-190
10	-1	-190
-6	3	137
-36	-19	114
29	14	92
-77	-53	128
63	45	60
-113	-71	167
63	18	110
-26	-14	-3
11	-12	-3
-32	-14	-97
9	-7	-96
-22	1	-190
10	-1	-190
-4	4	136
-34	-19	114
30	13	89
-75	-52	131
63	44	54
-108	-68	173
62	21	106
-27	-15	-4
11	-13	-3
-34	-16	-97
9	-7	-96
-22	1	-190
10	-1	-190
-1	4	135
-32	-19	114
31	13	87
-73	-52	133
63	43	50
-103	-66	178
62	23	103
-27	-16	-5
10	-14	-4
-36	-18	-98
9	-8	-97
-22	1	-190
10	-1	-190
0	4	134
-31	-18	114
31	13	84
-71	-53	134
63	42	45
-99	-65	180
62	25	99
-27	-17	-6
10	-15	-5
-38	-21	-98
7	-18	-98
-22	1	-190
10	-1	-190
2	5	133
-30	-18	114
32	14	82
-67	-53	134
63	41	41
-95	-64	181
61	27	96
-27	-18	-6
10	-16	-6
-41	-23	-98
6	-22	-99
-22	1	-190
10	-1	-190
4	6	132
-28	-17	113
32	14	80
-65	-53	134
63	41	38
-92	-63	182
61	28	93
-28	-19	-7
10	-17	-7
-43	-25	-99
5	-26	-100
-22	1	-190
10	-1	-190
5	7	130
-27	-16	112
33	14	78
-64	-53	133
63	40	35
-90	-63	182
60	30	90
-28	-19	-8
9	-18	-8
-46	-29	-99
5	-29	-100
-22	1	-190
10	-1	-190
6	7	129
-26	-16	111
33	14	76
-62	-53	132
63	40	32
-88	-62	181
59	34	87
-28	-19	-9
9	-18	-9
-48	-31	-99
4	-32	-101
-22	1	-190
10	-1	-190
7	8	128
-26	-15	110
34	14	74
-62	-53	131
63	39	30
-88	-62	180
59	36	85
-29	-20	-10
9	-19	-10
-50	-32	-100
4	-34	-102
-22	1	-190
10	-1	-190
8	8	126
-26	-14	110
34	14	73
-62	-51	130
62	39	27
-88	-61	179
59	37	83
-29	-20	-11
8	-19	-11
-51	-33	-100
3	-36	-103
-22	1	-190
10	-1	-190
8	9	125
-26	-13	109
34	14	71
-62	-50	129
62	39	25
-88	-60	178
59	37	80
-29	-19	-12
8	-20	-12
-53	-34	-101
3	-38	-103
-22	1	-190
10	-1	-190
8	10	124
-26	-12	108
34	14	71
-63	-48	128
62	39	23
-90	-58	177
60	39	77
-30	-19	-13
8	-21	-13
-54	-34	-101
3	-39	-104
-22	1	-190
10	-1	-190
9	10	123
-26	-11	107
34	15	71
-65	-46	127
62	40	23
-92	-57	175
60	41	77
-30	-19	-14
7	-21	-13
-55	-34	-102
2	-40	-104
-22	1	-190
10	-1	-190
8	11	123
-27	-10	107
33	17	72
-68	-43	126
62	40	25
-95	-56	173
60	43	79
-31	-18	-14
6	-22	-13
-56	-34	-102
2	-40	-104
-22	1	-190
10	-1	-190
7	12	123
-29	-8	106
32	19	74
-72	-40	125
62	39	30
-99	-53	171
59	50	81
-31	-17	-14
6	-22	-13
-57	-33	-102
2	-40	-104
-22	1	-190
10	-1	-190
6	13	123
-30	-7	106
31	20	76
-76	-35	122
62	38	34
-103	-50	168
58	50	83
-32	-16	-14
5	-23	-13
-58	-33	-102
1	-40	-104
-22	1	-190
10	-1	-190
4	13	123
-33	-5	105
30	20	78
-81	-31	119
62	37	38
-108	-48	165
58	50	85
-32	-15	-14
4	-23	-13
-59	-31	-101
0	-39	-104
-23	1	-190
10	-1	-190
2	14	124
-35	-3	104
29	20	80
-85	-25	116
62	34	42
-112	-45	161
58	46	87
-32	-13	-14
3	-24	-12
-61	-30	-101
0	-38	-104
-23	1	-190
10	-1	-190
0	14	125
-38	0	102
28	19	82
-89	-20	112
62	31	44
-117	-42	155
58	42	90
-32	-12	-14
3	-25	-11
-62	-29	-100
0	-35	-103
-24	1	-190
10	-1	-190
-4	15	127
-42	7	100
27	16	86
-94	-14	105
62	28	46
-121	-38	148
59	42	92
-32	-11	-13
2	-26	-9
-62	-27	-99
0	-31	-102
-24	1	-190
10	-1	-190
-7	16	128
-45	11	97
26	12	89
-97	-9	93
62	28	51
-121	-35	136
60	40	94
-32	-9	-12
1	-27	-8
-62	-25	-98
0	-28	-101
-26	1	-190
10	-1	-190
-11	17	130
-48	18	93
24	0	93
-99	-2	81
58	28	67
-121	-30	124
60	40	103
-32	-7	-10
-1	-28	-6
-61	-23	-97
0	-24	-99
-26	1	-189
10	-1	-189
-15	18	132
-49	24	91
19	-9	98
-98	5	71
50	25	81
-120	-26	111
55	39	117
-31	-5	-8
-3	-29	-3
-58	-23	-96
1	-16	-95
-27	1	-188
6	-1	-188
-17	20	134
-49	29	89
11	-14	105
-94	10	60
36	-3	97
-118	-23	98
46	3	134
-31	-4	-5
-5	-30	0
-54	-21	-94
1	-17	-92
-27	-1	-186
4	-4	-184
-22	21	138
-49	35	89
3	-16	114
-87	17	51
18	-32	115
-115	-19	83
31	-32	155
-29	-3	0
-6	-32	5
-46	-16	-91
0	-20	-87
-27	0	-183
4	-5	-178
-25	22	143
-46	38	89
-7	-17	124
-76	22	44
2	-34	136
-110	-16	67
14	-39	177
-27	-2	6
-8	-33	11
-36	-8	-86
-1	-21	-81
-27	0	-179
4	-9	-173
-28	23	148
-43	40	90
-17	-17	133
-63	27	39
-17	-34	165
-103	-10	51
-8	-42	196
-25	-1	13
-9	-34	18
-26	0	-81
-2	-24	-74
-27	0	-174
4	-13	-167
-32	24	152
-40	41	91
-28	-16	139
-50	32	37
-42	-34	165
-95	-1	35
-63	-39	201
-23	0	17
-10	-35	23
-26	1	-76
-3	-26	-70
-27	0	-169
4	-16	-162
-36	25	153
-36	42	91
-37	-14	142
-37	35	36
-62	-30	163
-84	9	20
-99	-32	193
-21	0	19
-12	-35	25
-24	1	-74
-3	-27	-67
-27	0	-167
4	-19	-160
-39	26	152
-32	43	91
-47	-12	140
-23	37	36
-84	-27	151
-68	20	8
-133	-20	169
-20	1	19
-14	-35	25
-23	1	-74
-4	-30	-67
-26	0	-167
4	-24	-160
-43	27	150
-29	44	90
-57	-9	134
-9	37	38
-105	-19	136
-49	31	0
-158	-9	139
-20	1	17
-16	-35	23
-23	-1	-76
-5	-32	-69
-25	-4	-169
5	-28	-162
-48	28	145
-26	45	88
-66	-5	125
5	37	41
-119	-5	114
-27	40	-4
-171	5	106
-21	2	13
-18	-35	19
-22	-2	-80
-6	-34	-73
-24	-6	-174
6	-34	-166
-52	29	138
-23	46	86
-73	-1	115
16	37	46
-122	3	93
-6	47	-5
-172	17	72
-21	2	7
-21	-34	14
-22	-2	-86
-6	-37	-78
-22	-6	-179
8	-39	-171
-55	31	131
-21	46	83
-78	2	103
24	36	51
-121	10	71
15	52	-2
-165	27	39
-21	2	4
-24	-34	8
-22	-2	-89
-6	-38	-83
-22	-6	-182
11	-43	-175
-58	33	125
-20	46	82
-83	7	92
28	34	57
-117	17	52
34	53	4
-152	38	12
-20	2	3
-26	-34	4
-21	-1	-90
-5	-40	-87
-22	-5	-183
16	-46	-178
-62	34	121
-20	45	82
-86	11	83
30	32	61
-112	22	37
48	52	12
-139	44	-9
-18	2	2
-28	-34	1
-21	-1	-91
-4	-42	-89
-23	-5	-184
20	-49	-181
-67	35	117
-21	43	83
-89	13	74
31	30	66
-108	28	26
58	49	21
-126	52	-23
-17	1	1
-30	-34	0
-20	-2	-92
-4	-44	-89
-24	-5	-185
22	-54	-183
-71	37	112
-22	42	83
-91	15	68
31	26	70
-102	35	17
64	45	30
-113	55	-34
-16	1	1
-31	-33	-1
-20	-3	-92
-5	-45	-89
-24	-7	-186
21	-57	-185
-75	38	109
-23	41	83
-92	18	62
29	23	74
-97	38	10
68	41	38
-102	57	-41
-15	-1	1
-33	-33	-1
-20	-3	-92
-7	-47	-90
-24	-7	-187
19	-60	-187
-78	40	106
-25	41	84
-93	20	58
27	22	79
-92	39	6
70	36	46
-91	58	-46
-14	-2	1
-34	-33	-1
-19	-5	-92
-9	-48	-90
-24	-7	-189
16	-62	-189
-81	42	103
-27	42	84
-94	23	55
24	20	81
-88	41	3
71	32	53
-81	60	-49
-13	-3	1
-35	-33	-1
-18	-5	-92
-11	-48	-90
-24	-7	-190
13	-64	-190
-83	44	101
-28	42	85
-94	24	53
22	18	85
-84	43	1
71	29	59
-73	61	-51
-13	-3	1
-36	-33	-1
-18	-6	-92
-13	-48	-90
-24	-7	-190
11	-64	-190
-84	45	100
-29	42	85
-94	25	50
21	17	88
-80	43	-1
70	27	63
-66	60	-52
-13	-4	1
-37	-33	-1
-18	-6	-92
-15	-49	-90
-24	-7	-190
7	-64	-190
-85	46	98
-30	42	85
-94	26	48
19	16	90
-77	43	-2
69	24	66
-60	60	-53
-13	-5	1
-38	-33	-1
-19	-7	-92
-17	-50	-91
-24	-7	-190
4	-64	-190
-85	46	97
-30	42	85
-94	27	47
18	15	92
-75	43	-3
69	22	69
-55	59	-53
-13	-5	1
-38	-33	-2
-19	-8	-92
-18	-50	-91
-24	-7	-190
3	-64	-190
-86	46	96
-31	41	85
-94	27	46
17	13	93
-73	43	-4
69	20	71
-52	58	-53
-12	-6	0
-38	-33	-2
-19	-8	-93
-18	-51	-91
-24	-7	-190
3	-64	-190
-86	46	96
-31	41	85
-93	27	46
17	12	93
-71	41	-4
69	19	71
-49	56	-53
-12	-6	0
-38	-33	-2
-19	-8	-93
-18	-52	-91
-24	-7	-190
3	-64	-190
-86	45	96
-31	41	85
-93	26	46
17	12	92
-70	40	-3
69	19	70
-48	55	-52
-12	-6	-1
-37	-33	-2
-19	-8	-94
-17	-52	-91
-24	-7	-190
3	-64	-190
-86	44	97
-30	40	85
-93	25	47
17	12	91
-70	39	-2
69	19	68
-47	53	-51
-11	-6	-1
-37	-33	-2
-19	-9	-94
-17	-52	-91
-24	-7	-190
3	-64	-190
-85	43	98
-30	40	85
-94	24	48
19	13	88
-71	37	-1
69	20	64
-48	51	-50
-11	-6	-2
-37	-33	-2
-18	-9	-94
-17	-52	-91
-24	-7	-190
3	-64	-190
-85	42	100
-30	40	85
-94	22	50
20	15	85
-72	35	1
68	21	60
-49	48	-49
-11	-5	-2
-36	-33	-2
-18	-9	-94
-17	-52	-91
-24	-7	-190
3	-64	-190
-84	41	102
-30	41	86
-95	21	53
20	16	83
-74	33	3
67	23	52
-52	46	-47
-11	-5	-3
-36	-33	-2
-18	-5	-95
-17	-52	-91
-24	-7	-190
2	-64	-190
-83	40	105
-29	42	86
-95	18	57
21	19	78
-75	31	6
65	26	44
-55	43	-45
-11	-4	-3
-35	-32	-1
-18	-4	-95
-17	-52	-91
-24	-7	-190
1	-64	-190
-82	38	108
-29	43	87
-95	15	61
21	21	73
-77	28	9
61	29	35
-60	40	-43
-12	-1	-3
-34	-31	-1
-18	-4	-95
-17	-52	-90
-24	-7	-190
0	-64	-190
-81	36	113
-29	44	88
-94	12	66
20	24	68
-80	25	13
57	32	27
-64	38	-39
-12	2	-3
-33	-30	0
-18	-3	-95
-17	-51	-89
-24	-7	-190
-1	-64	-190
-78	35	116
-28	45	88
-93	9	70
18	28	62
-82	20	17
50	35	17
-70	34	-36
-12	4	-1
-32	-28	1
-18	-3	-94
-16	-48	-89
-24	-7	-190
-1	-64	-190
-76	34	120
-28	46	89
-91	5	75
15	32	57
-85	13	20
42	38	8
-77	29	-32
-13	6	0
-31	-27	1
-18	-2	-93
-16	-47	-89
-24	-7	-190
-1	-64	-190
-73	32	124
-29	47	89
-89	2	81
11	37	52
-87	8	25
33	42	1
-83	23	-28
-13	8	0
-30	-26	2
-18	0	-92
-15	-44	-88
-24	-7	-190
-2	-62	-190
-71	30	127
-29	48	90
-85	-2	86
7	40	47
-87	4	30
22	46	-6
-88	15	-25
-14	11	1
-29	-24	3
-18	1	-92
-14	-41	-88
-24	-7	-190
-2	-58	-190
-67	29	130
-29	49	90
-82	-5	90
3	42	44
-87	-3	35
11	49	-11
-92	7	-20
-15	12	1
-28	-23	3
-19	2	-92
-13	-38	-87
-24	-8	-190
-1	-53	-190
-64	27	132
-29	50	90
-78	-8	94
-2	45	41
-87	-9	39
-1	52	-15
-96	-3	-16
-16	12	1
-27	-23	4
-20	2	-91
-12	-35	-87
-24	-9	-190
0	-46	-190
-61	25	133
-29	51	89
-73	-12	97
-5	47	39
-86	-13	43
-11	54	-16
-99	-13	-12
-17	12	1
-26	-24	4
-20	1	-91
-11	-32	-87
-24	-10	-190
2	-40	-190
-57	24	135
-29	51	89
-68	-15	100
-8	49	37
-84	-22	47
-21	57	-17
-101	-24	-7
-18	12	1
-25	-24	4
-21	1	-91
-10	-28	-87
-24	-10	-190
4	-33	-190
-54	22	136
-30	51	89
-63	-17	102
-11	51	36
-80	-30	50
-30	58	-16
-101	-34	-2
-18	13	1
-24	-24	4
-21	1	-91
-9	-25	-88
-24	-10	-190
6	-27	-190
-51	21	137
-30	51	89
-57	-20	103
-13	53	36
-76	-37	53
-38	60	-14
-99	-45	3
-18	14	1
-23	-23	4
-21	2	-92
-8	-22	-88
-24	-10	-190
7	-21	-190
-49	20	138
-30	50	89
-52	-22	104
-16	54	35
-71	-42	56
-45	61	-13
-94	-55	7
-18	14	1
-21	-23	3
-21	2	-92
-6	-19	-89
-24	-10	-190
9	-15	-190
-47	18	139
-31	49	89
-46	-25	105
-19	54	35
-66	-47	58
-51	61	-11
-88	-65	10
-18	15	0
-19	-23	3
-21	2	-92
-4	-17	-89
-24	-10	-190
10	-11	-190
-43	17	139
-31	48	90
-42	-26	106
-21	55	35
-61	-50	59
-55	61	-9
-81	-72	12
-18	15	0
-17	-22	2
-21	2	-92
-3	-14	-89
-24	-10	-190
10	-6	-190
-40	16	139
-30	47	90
-37	-27	106
-22	55	36
-53	-54	60
-59	60	-6
-73	-79	14
-18	15	0
-14	-22	2
-21	3	-92
-2	-12	-90
-24	-10	-190
10	-2	-190
-37	14	139
-30	46	91
-32	-29	106
-23	55	36
-43	-59	60
-61	58	-4
-64	-84	14
-18	15	0
-12	-22	1
-21	3	-92
0	-10	-90
-24	-10	-190
10	1	-190
-34	12	139
-30	45	92
-26	-31	106
-23	54	37
-35	-61	59
-62	56	-3
-54	-88	14
-18	15	0
-9	-21	1
-21	3	-92
1	-8	-91
-24	-10	-190
10	4	-190
-31	10	139
-29	44	93
-22	-32	105
-23	54	38
-28	-62	58
-62	54	-1
-44	-91	13
-17	15	0
-7	-21	0
-21	3	-92
3	-8	-92
-24	-10	-190
10	5	-190
-29	8	139
-28	42	93
-17	-33	104
-22	53	39
-23	-63	57
-62	52	0
-33	-92	10
-16	15	0
-4	-20	0
-20	3	-93
3	-7	-92
-24	-10	-190
10	6	-190
-26	6	139
-26	40	94
-12	-35	103
-21	52	39
-16	-64	55
-62	49	0
-22	-93	8
-15	14	-1
-1	-20	-1
-20	2	-93
4	-7	-93
-24	-10	-190
10	5	-190
-24	4	139
-25	38	94
-7	-37	101
-20	51	40
-9	-64	53
-61	46	0
-11	-92	4
-13	14	-2
2	-20	-1
-19	2	-94
6	-7	-94
-24	-10	-190
10	5	-190
-21	1	138
-24	36	94
-3	-38	99
-20	50	40
-2	-64	50
-60	43	0
-1	-90	0
-11	14	-3
6	-19	-2
-18	3	-95
8	-7	-95
-24	-10	-190
10	5	-190
-18	-2	136
-23	33	93
2	-40	96
-20	48	40
5	-63	46
-58	39	0
9	-87	-4
-10	14	-5
8	-19	-3
-18	6	-95
9	-7	-96
-24	-10	-190
10	5	-190
-16	-5	136
-22	31	93
7	-40	95
-20	47	40
13	-62	44
-55	36	0
19	-83	-8
-9	14	-5
11	-18	-3
-18	6	-93
11	-7	-96
-24	-10	-190
10	4	-190
-14	-7	136
-22	29	93
11	-40	94
-20	46	40
19	-59	42
-55	34	0
28	-77	-10
-8	14	-4
13	-16	-3
-18	5	-93
12	-7	-96
-24	-10	-190
10	4	-190
