frames = 36 markers = 13 Hz = 30		
-19	1	112
-3	-36	84
-2	35	83
-18	-79	112
-18	82	107
-26	-63	166
-25	60	158
-2	-18	-28
2	19	-28
-37	-50	-108
-38	49	-107
10	-69	-188
10	54	-188
-20	1	113
-3	-37	87
-2	35	85
-17	-80	113
-18	83	108
-28	-68	167
-28	63	159
-3	-19	-27
2	19	-26
-36	-50	-108
-36	48	-107
10	-69	-188
9	54	-188
-20	1	118
-3	-37	91
-2	35	90
-17	-83	114
-17	85	110
-29	-77	169
-30	70	163
-4	-19	-22
1	18	-22
-32	-49	-105
-33	47	-104
10	-69	-187
8	54	-187
-19	1	126
-4	-38	99
-2	35	97
-16	-86	117
-16	87	113
-32	-89	171
-32	80	166
-4	-19	-14
0	18	-15
-27	-47	-100
-28	44	-100
9	-69	-184
8	53	-185
-19	0	135
-5	-39	107
-2	36	106
-14	-90	120
-13	89	116
-34	-102	171
-35	92	167
-5	-19	-5
-1	18	-6
-19	-45	-93
-21	41	-94
7	-68	-180
6	52	-182
-19	0	144
-5	-39	115
-2	36	114
-12	-92	121
-11	91	118
-35	-115	166
-37	104	165
-5	-19	5
-2	18	3
0	-42	-86
-10	37	-88
5	-64	-176
4	49	-178
-19	-1	152
-6	-40	121
-3	36	120
-10	-94	120
-9	92	118
-36	-127	158
-39	116	158
-5	-20	13
-3	17	11
-1	-39	-78
0	31	-81
3	-59	-169
2	44	-173
-19	-1	158
-7	-41	126
-4	36	125
-8	-95	118
-7	91	116
-35	-136	146
-38	125	147
-5	-20	18
-3	17	16
-1	-36	-74
0	27	-76
3	-52	-165
2	37	-168
-19	-2	161
-8	-41	129
-6	35	128
-6	-95	115
-5	89	112
-33	-141	130
-36	130	132
-5	-20	22
-3	17	19
0	-32	-73
0	23	-74
4	-44	-163
3	29	-166
-19	-2	161
-9	-41	129
-7	35	128
-5	-93	108
-2	86	106
-30	-143	110
-33	132	114
-4	-21	22
-3	17	20
1	-29	-72
1	19	-73
6	-37	-163
4	21	-166
-20	-2	159
-10	-41	127
-7	35	125
-4	-90	99
0	83	97
-26	-140	88
-29	131	93
-4	-21	20
-2	16	18
2	-25	-73
2	16	-75
8	-29	-166
5	15	-168
-20	-3	155
-12	-42	121
-7	35	120
-3	-86	87
1	78	86
-21	-133	64
-23	125	70
-3	-21	16
-2	16	14
3	-22	-77
3	13	-79
10	-23	-170
7	10	-172
-21	-3	148
-14	-42	113
-8	34	113
-3	-80	74
3	72	73
-16	-123	39
-18	117	46
-2	-21	10
-1	16	7
3	-20	-83
-2	13	-86
12	-19	-176
9	6	-177
-22	-3	141
-15	-43	103
-10	34	104
-3	-75	59
3	66	60
-11	-109	16
-12	105	22
0	-21	3
0	16	0
-7	-21	-90
-11	15	-93
14	-16	-181
11	5	-182
-22	-3	132
-16	-42	92
-11	34	94
-4	-68	44
4	61	47
-6	-94	-6
-6	91	1
2	-21	-6
2	16	-8
-18	-23	-97
-17	17	-99
15	-16	-184
13	5	-185
-22	-2	124
-15	-42	83
-11	35	85
-6	-61	31
2	60	37
0	-80	-21
-1	77	-17
3	-21	-13
3	16	-15
-26	-25	-102
-22	18	-104
14	-16	-185
14	5	-186
-22	-2	119
-14	-41	77
-12	35	79
-6	-55	24
-2	54	27
4	-69	-30
3	66	-27
4	-21	-18
4	16	-20
-30	-27	-105
-25	19	-107
14	-15	-186
14	5	-187
-22	-1	117
-13	-41	75
-11	35	77
-5	-52	21
-2	47	23
7	-63	-33
7	59	-31
4	-21	-21
5	16	-22
-32	-28	-106
-26	20	-108
14	-15	-186
13	5	-187
-22	-1	118
-13	-42	77
-11	35	79
-4	-53	23
-2	47	25
11	-64	-30
9	59	-29
4	-21	-19
5	16	-21
-30	-28	-105
-25	21	-107
14	-14	-186
13	5	-187
-22	0	123
-12	-42	82
-10	35	84
-2	-55	29
-2	49	31
14	-69	-23
10	64	-22
4	-21	-15
4	16	-17
-27	-26	-102
-23	20	-105
14	-15	-185
12	5	-186
-22	-1	130
-12	-42	90
-10	35	92
-1	-60	39
-1	54	41
17	-78	-12
10	72	-11
3	-21	-8
3	16	-10
-23	-25	-97
-18	19	-101
14	-16	-183
11	5	-185
-22	-1	139
-11	-43	99
-10	34	101
-1	-66	51
0	56	52
20	-89	2
10	83	3
1	-21	1
3	16	-2
-17	-23	-90
-11	17	-94
13	-20	-179
10	7	-183
-21	-1	148
-10	-42	109
-9	34	111
0	-67	63
2	58	62
22	-101	20
10	94	20
0	-21	10
2	16	7
-7	-23	-83
2	14	-86
12	-24	-174
7	10	-178
-21	0	156
-10	-42	119
-8	35	119
1	-71	75
2	62	73
22	-113	40
8	107	39
-1	-22	18
2	15	16
7	-25	-75
7	15	-77
11	-29	-168
5	15	-171
-20	0	163
-9	-42	126
-7	34	126
2	-76	86
2	67	83
21	-125	61
7	118	60
-2	-22	24
1	15	22
6	-28	-70
7	18	-71
10	-33	-162
3	20	-164
-19	-1	166
-7	-42	130
-6	34	131
2	-82	95
2	72	92
20	-136	82
4	127	81
-3	-23	27
2	14	25
6	-31	-67
7	20	-68
8	-39	-158
0	25	-161
-18	-1	167
-6	-42	132
-5	33	132
3	-87	102
1	77	99
17	-143	103
2	132	101
-3	-23	28
2	14	26
6	-34	-66
7	23	-67
8	-44	-158
-1	31	-160
-16	-1	164
-6	-42	130
-5	33	130
2	-91	107
1	81	104
14	-145	124
0	134	120
-3	-23	25
2	14	24
6	-37	-67
7	26	-69
7	-50	-159
-2	37	-161
-15	-1	160
-6	-42	126
-4	32	126
2	-95	111
0	85	107
10	-142	142
-3	130	138
-3	-23	20
2	14	19
6	-40	-72
7	28	-73
7	-56	-163
-1	42	-165
-15	-1	153
-5	-41	120
-4	32	120
0	-98	114
-1	88	110
6	-133	157
-5	122	152
-2	-23	13
3	14	13
6	-43	-78
3	31	-79
8	-62	-169
1	47	-170
-15	0	145
-4	-41	113
-3	32	113
-4	-99	116
-4	88	111
2	-120	166
-8	111	161
-2	-22	5
3	14	4
3	-45	-86
-7	36	-86
8	-67	-176
4	51	-176
-15	0	135
-4	-40	104
-3	31	104
-7	-98	116
-7	87	111
-2	-106	170
-11	98	165
-2	-22	-5
3	15	-5
-14	-48	-94
-20	41	-94
10	-70	-181
7	54	-180
-15	0	125
-3	-39	95
-3	31	95
-10	-95	114
-11	85	110
-7	-92	169
-14	83	164
-1	-21	-15
3	16	-15
-23	-50	-101
-27	43	-101
11	-71	-185
9	55	-184
-16	0	117
-3	-38	88
-2	32	88
-13	-89	112
-15	83	108
-11	-78	166
-17	73	162
-1	-20	-23
3	17	-23
-29	-52	-105
-32	45	-107
11	-70	-187
10	56	-186
-17	1	112
-2	-37	84
-2	32	85
-16	-85	111
-18	82	108
-16	-69	164
-20	65	159
-1	-19	-28
3	18	-27
-32	-52	-107
-35	48	-110
11	-70	-188
10	56	-188
-18	1	110
-3	-35	82
-2	33	83
-18	-81	111
-19	81	107
-19	-61	163
-22	60	158
-1	-18	-29
3	18	-29
-35	-53	-108
-37	49	-111
11	-70	-189
10	56	-189
