frames = 49 markers = 13 Hz = 30		
-61	-41	108
-32	-59	66
-43	8	102
-14	-69	13
-65	40	61
-62	-73	-10
-77	-6	30
4	-16	-3
-6	20	1
-8	-25	-95
-5	16	-93
-18	-34	-187
-3	13	-186
-59	-40	109
-29	-57	68
-41	10	103
-7	-66	17
-66	40	62
-57	-75	-3
-76	-7	34
4	-16	-3
-6	20	1
-8	-25	-95
-5	16	-93
-18	-34	-187
-3	13	-186
-57	-38	111
-28	-56	70
-41	11	103
-1	-64	21
-67	40	63
-51	-78	1
-74	-8	37
4	-16	-3
-6	20	1
-8	-25	-95
-5	16	-93
-18	-34	-187
-3	13	-186
-54	-36	113
-25	-54	71
-40	13	103
4	-62	24
-68	41	64
-45	-78	6
-72	-8	40
4	-16	-3
-6	21	0
-8	-25	-95
-5	16	-93
-18	-34	-187
-3	13	-186
-53	-35	114
-23	-54	73
-39	15	104
8	-59	28
-68	42	65
-40	-77	10
-71	-8	42
4	-15	-3
-6	21	0
-8	-25	-95
-5	16	-93
-18	-34	-187
-3	13	-186
-52	-32	116
-21	-52	75
-38	16	104
11	-57	30
-66	44	65
-37	-76	12
-69	-7	44
4	-15	-3
-7	21	0
-8	-25	-95
-5	16	-93
-18	-34	-187
-3	13	-186
-50	-30	117
-20	-51	76
-37	18	104
13	-54	32
-65	45	65
-36	-74	13
-68	-6	44
3	-14	-3
-7	21	0
-8	-25	-95
-6	17	-93
-18	-34	-187
-3	13	-186
-49	-29	119
-19	-50	78
-36	19	105
13	-54	33
-64	48	65
-35	-72	12
-67	-4	44
3	-14	-3
-7	21	0
-8	-25	-95
-6	17	-93
-18	-34	-187
-3	13	-186
-48	-27	120
-18	-49	79
-35	21	105
13	-55	33
-60	50	65
-37	-69	11
-66	0	43
2	-13	-3
-8	22	0
-8	-25	-95
-6	17	-93
-18	-34	-187
-3	13	-186
-47	-25	121
-18	-47	80
-35	22	105
11	-56	33
-57	54	65
-38	-66	9
-66	4	42
2	-13	-3
-8	22	0
-7	-24	-95
-6	18	-93
-18	-34	-187
-3	13	-186
-47	-24	121
-18	-47	81
-34	24	105
7	-57	33
-52	57	64
-41	-62	6
-66	9	40
2	-13	-3
-8	22	0
-7	-24	-95
-6	18	-93
-18	-34	-187
-3	13	-186
-46	-23	122
-18	-46	82
-33	25	105
4	-57	32
-46	60	64
-44	-58	2
-64	15	38
2	-13	-3
-7	23	0
-7	-24	-95
-6	18	-93
-18	-34	-187
-3	13	-186
-46	-22	122
-18	-45	82
-33	26	105
-1	-57	31
-40	63	64
-46	-53	-1
-62	21	35
2	-13	-3
-7	23	0
-7	-24	-95
-6	18	-93
-18	-34	-187
-3	13	-186
-47	-21	122
-21	-45	82
-33	27	105
-6	-57	30
-35	64	64
-48	-47	-4
-58	27	32
2	-13	-3
-7	23	0
-7	-24	-95
-6	18	-93
-18	-34	-187
-3	13	-186
-47	-21	122
-21	-44	82
-32	28	105
-11	-57	29
-29	66	65
-50	-40	-7
-55	33	30
2	-13	-3
-7	23	0
-7	-24	-95
-5	18	-93
-18	-34	-187
-3	13	-186
-47	-21	122
-23	-44	82
-31	28	105
-16	-56	28
-23	67	66
-52	-35	-9
-52	37	29
2	-13	-3
-6	22	0
-7	-24	-95
-5	18	-93
-18	-34	-187
-3	13	-186
-49	-21	122
-25	-44	81
-31	28	105
-21	-55	26
-18	68	69
-53	-29	-10
-48	42	29
3	-14	-3
-6	22	0
-7	-24	-95
-5	18	-93
-18	-34	-187
-3	13	-186
-50	-22	121
-27	-44	80
-31	28	105
-25	-54	25
-13	69	71
-53	-23	-11
-44	47	30
3	-14	-3
-6	21	0
-7	-24	-95
-4	17	-93
-18	-34	-187
-3	13	-186
-52	-22	120
-30	-44	79
-32	28	105
-28	-53	24
-9	69	75
-54	-18	-10
-40	50	33
4	-15	-3
-6	21	0
-7	-24	-95
-4	17	-93
-18	-34	-187
-3	13	-186
-54	-23	119
-32	-45	78
-31	27	105
-30	-53	22
-6	68	79
-54	-14	-9
-37	53	36
4	-15	-3
-5	21	0
-6	-25	-95
-4	17	-93
-18	-34	-187
-3	13	-186
-56	-25	118
-34	-45	76
-33	25	105
-32	-53	21
-2	67	83
-53	-11	-8
-35	54	40
4	-16	-3
-4	20	0
-6	-25	-95
-4	16	-93
-18	-34	-187
-3	13	-186
-59	-26	116
-37	-46	74
-33	24	105
-34	-54	19
0	65	88
-53	-8	-6
-33	57	44
4	-17	-3
-4	19	0
-6	-25	-95
-4	16	-93
-18	-34	-187
-3	13	-186
-61	-28	114
-40	-47	72
-33	22	105
-35	-54	17
1	64	93
-53	-6	-4
-30	57	48
4	-17	-3
-4	18	0
-6	-25	-95
-4	16	-93
-18	-34	-187
-3	13	-186
-63	-30	112
-42	-49	70
-35	20	105
-36	-56	15
1	61	97
-53	-6	-3
-29	57	51
4	-18	-3
-3	17	0
-6	-25	-95
-4	16	-93
-18	-34	-187
-3	13	-186
-66	-32	109
-44	-49	68
-37	17	104
-37	-57	13
1	58	100
-53	-6	-3
-29	56	53
5	-19	-3
-2	16	0
-7	-24	-95
-4	16	-93
-18	-34	-187
-3	13	-186
-69	-35	107
-46	-52	65
-39	15	103
-39	-59	10
0	55	102
-54	-7	-4
-29	54	54
6	-20	-3
-1	16	1
-7	-24	-95
-3	16	-93
-18	-34	-187
-3	13	-186
-71	-37	104
-48	-52	63
-40	12	102
-40	-61	8
-1	52	101
-54	-9	-6
-30	52	54
6	-21	-3
-1	15	1
-7	-24	-95
-3	16	-93
-18	-34	-187
-3	13	-186
-73	-40	101
-49	-54	60
-42	9	101
-41	-62	5
-5	50	98
-56	-11	-11
-33	48	50
6	-22	-3
-1	15	1
-7	-24	-95
-3	16	-93
-18	-34	-187
-3	13	-186
-75	-42	98
-51	-57	57
-44	7	100
-43	-63	2
-9	49	92
-58	-14	-18
-36	45	44
6	-22	-3
0	14	1
-7	-24	-95
-3	16	-93
-18	-34	-187
-3	13	-186
-77	-45	95
-52	-57	54
-46	5	99
-45	-64	-1
-14	48	85
-61	-17	-25
-40	40	35
7	-23	-3
1	13	1
-7	-24	-95
-2	15	-93
-18	-34	-187
-3	13	-186
-79	-47	92
-53	-59	52
-48	3	97
-47	-65	-3
-19	46	77
-63	-21	-32
-44	37	28
7	-23	-3
1	13	1
-7	-24	-95
-2	15	-93
-18	-34	-187
-3	13	-186
-81	-48	89
-54	-59	50
-49	1	95
-48	-66	-5
-24	45	72
-65	-23	-37
-47	34	22
7	-23	-3
1	13	1
-7	-24	-95
-2	15	-93
-18	-34	-187
-3	13	-186
-81	-50	87
-54	-61	48
-52	1	94
-49	-66	-7
-28	44	69
-66	-25	-41
-49	32	19
7	-23	-3
1	13	1
-7	-24	-95
-2	15	-93
-18	-34	-187
-3	13	-186
-82	-51	86
-54	-61	47
-52	0	93
-49	-66	-8
-31	44	67
-68	-25	-43
-51	31	16
7	-23	-3
1	13	1
-7	-24	-95
-2	15	-93
-18	-34	-187
-3	13	-186
-83	-52	84
-54	-61	46
-54	0	93
-50	-66	-9
-34	44	66
-69	-26	-44
-53	30	15
7	-23	-3
0	13	1
-7	-24	-95
-3	15	-93
-18	-34	-187
-3	13	-186
-84	-53	83
-54	-61	46
-54	-1	93
-50	-64	-10
-36	45	65
-69	-25	-44
-54	30	14
7	-23	-3
0	13	1
-7	-24	-95
-3	15	-93
-18	-34	-187
-3	13	-186
-83	-54	82
-53	-60	46
-54	-1	93
-50	-64	-10
-37	44	64
-70	-26	-45
-56	30	14
7	-23	-3
0	13	1
-7	-24	-95
-4	15	-93
-18	-34	-187
-3	13	-186
-83	-54	82
-52	-60	46
-53	-1	94
-49	-64	-10
-38	44	64
-70	-26	-45
-57	30	13
7	-23	-3
0	13	1
-8	-25	-95
-4	15	-93
-18	-34	-187
-3	13	-186
-83	-54	82
-51	-61	46
-53	-1	94
-49	-63	-10
-39	43	63
-71	-28	-45
-59	29	12
7	-23	-3
0	13	1
-8	-25	-95
-4	15	-93
-18	-34	-187
-3	13	-186
-81	-54	83
-49	-61	46
-52	0	95
-48	-64	-9
-40	43	62
-73	-29	-46
-60	28	12
7	-23	-3
-1	13	1
-8	-25	-95
-4	16	-93
-18	-34	-187
-3	13	-186
-81	-54	85
-49	-60	47
-51	0	96
-47	-64	-9
-43	43	61
-74	-31	-45
-62	27	11
7	-23	-3
-1	13	1
-8	-25	-95
-4	16	-93
-18	-34	-187
-4	12	-186
-80	-53	87
-49	-60	48
-50	1	97
-47	-65	-8
-45	44	60
-75	-34	-44
-66	25	12
7	-23	-3
-1	14	1
-8	-25	-95
-4	16	-93
-18	-34	-187
-4	12	-186
-78	-52	89
-49	-60	50
-49	1	98
-47	-65	-7
-48	44	59
-76	-37	-42
-69	22	12
7	-22	-3
-2	15	1
-8	-25	-95
-5	16	-93
-18	-34	-187
-4	12	-186
-76	-52	92
-47	-59	51
-49	2	99
-45	-66	-5
-51	45	58
-77	-42	-39
-71	18	13
7	-21	-3
-2	15	1
-8	-25	-95
-5	16	-93
-18	-34	-187
-4	12	-186
-74	-49	94
-46	-59	54
-48	3	99
-43	-67	-3
-54	45	58
-76	-48	-36
-74	13	14
6	-21	-3
-3	16	1
-8	-25	-95
-5	16	-93
-18	-34	-187
-4	12	-186
-71	-47	97
-45	-59	58
-47	4	100
-38	-69	-1
-57	43	58
-75	-54	-32
-76	8	16
6	-20	-3
-4	16	1
-8	-25	-95
-5	16	-93
-18	-34	-187
-4	12	-186
-69	-47	100
-41	-59	61
-47	4	101
-34	-71	2
-59	42	58
-73	-60	-27
-77	4	18
5	-19	-3
-4	17	1
-8	-25	-95
-5	16	-93
-18	-34	-187
-4	12	-186
-66	-45	103
-37	-60	63
-45	6	101
-26	-73	6
-62	42	59
-69	-66	-21
-78	0	22
4	-18	-3
-5	18	1
-8	-25	-95
-5	16	-93
-18	-34	-187
-4	12	-186
-63	-43	106
-35	-59	64
-44	7	102
-19	-71	11
-62	41	59
-66	-71	-15
-76	-4	26
4	-18	-3
-6	18	1
-8	-25	-95
-5	16	-93
-18	-34	-187
-4	12	-186
