frames = 39 markers = 13 Hz = 30 		
-15	-9	134
39	-25	100
-30	1	109
51	-56	55
-53	-51	108
49	-60	110
-11	-73	135
17	-11	0
-12	14	0
13	-18	-93
-11	14	-93
24	-18	-186
-10	15	-186
-16	-9	134
38	-25	99
-30	2	108
51	-59	55
-55	-49	108
47	-65	110
-13	-74	135
16	-11	-1
-12	14	0
13	-18	-93
-11	14	-93
24	-18	-186
-10	15	-186
-18	-9	133
36	-26	99
-30	4	107
50	-62	54
-58	-47	106
45	-75	110
-17	-75	132
16	-11	-1
-12	15	0
13	-18	-93
-11	15	-93
24	-18	-186
-10	15	-186
-19	-9	132
34	-28	99
-30	5	105
49	-65	54
-61	-44	101
39	-81	109
-24	-77	127
16	-10	-1
-10	18	0
13	-18	-93
-10	16	-93
24	-18	-186
-10	15	-186
-20	-8	132
31	-30	99
-30	8	104
47	-67	54
-65	-39	96
28	-83	104
-35	-79	122
16	-10	-1
-8	19	-1
13	-18	-93
-10	17	-94
24	-18	-186
-10	15	-186
-22	-7	132
27	-32	99
-30	11	103
43	-69	54
-67	-33	91
5	-83	95
-46	-79	115
17	-9	-1
-6	21	-1
13	-18	-93
-8	18	-94
24	-18	-186
-10	15	-186
-24	-6	131
22	-35	99
-30	15	101
32	-70	53
-69	-25	84
-5	-80	91
-57	-76	104
17	-9	0
-4	22	-1
13	-18	-93
-7	19	-94
24	-18	-186
-10	15	-186
-25	-6	131
13	-38	97
-29	20	99
32	-70	52
-69	-16	76
-14	-70	83
-71	-69	92
18	-9	0
-1	24	-1
13	-18	-93
-6	20	-94
24	-18	-186
-10	15	-186
-28	-6	130
6	-41	96
-29	26	98
12	-69	48
-68	1	67
-41	-64	66
-82	-53	74
19	-9	0
1	25	-1
13	-18	-93
-4	20	-94
24	-18	-186
-10	15	-186
-31	-6	129
1	-42	92
-27	28	97
0	-67	42
-64	14	57
-55	-59	52
-91	-35	53
20	-9	0
4	26	-1
13	-18	-93
-3	20	-94
24	-18	-186
-10	15	-186
-32	-6	128
-7	-42	90
-26	30	96
-19	-61	39
-59	25	52
-75	-53	43
-95	-14	33
22	-9	0
5	26	-1
13	-18	-93
-2	20	-94
24	-18	-186
-10	15	-186
-35	-6	127
-14	-41	88
-24	33	96
-29	-56	37
-55	32	49
-83	-45	35
-94	7	18
23	-9	-1
7	25	-1
13	-19	-93
-1	20	-94
24	-18	-186
-10	15	-186
-38	-6	125
-22	-40	85
-21	35	96
-37	-50	32
-51	37	48
-88	-37	22
-89	22	11
23	-10	-1
9	25	-1
11	-21	-93
0	20	-94
24	-18	-186
-10	15	-186
-41	-5	123
-29	-36	80
-20	36	95
-41	-43	25
-46	44	46
-92	-30	13
-85	34	7
23	-11	-2
11	24	-1
9	-22	-94
1	20	-94
24	-18	-186
-10	15	-186
-43	-4	121
-34	-34	76
-20	37	94
-45	-36	22
-43	50	44
-94	-24	5
-83	42	6
23	-12	-3
13	24	-1
8	-24	-94
1	20	-94
24	-18	-186
-10	15	-186
-44	-3	120
-34	-33	75
-20	38	93
-49	-30	21
-41	53	44
-95	-18	0
-81	47	5
23	-13	-3
15	23	-1
7	-24	-94
3	20	-94
24	-18	-186
-10	15	-186
-45	-3	119
-35	-33	74
-19	38	93
-50	-29	20
-39	55	43
-94	-15	-3
-79	48	5
23	-14	-3
16	23	-1
7	-25	-94
3	19	-94
24	-18	-186
-10	15	-186
-45	-4	119
-35	-33	74
-19	38	92
-50	-29	21
-39	55	43
-94	-16	-4
-79	48	4
23	-14	-3
16	22	-1
7	-25	-94
3	19	-94
24	-18	-186
-10	15	-186
-44	-5	119
-33	-34	75
-19	38	92
-48	-31	21
-40	54	43
-92	-19	-2
-80	46	5
24	-14	-3
16	22	-1
7	-25	-94
4	19	-94
24	-18	-186
-10	15	-186
-43	-5	120
-31	-35	77
-19	37	93
-44	-34	22
-41	53	44
-91	-24	0
-82	42	7
24	-14	-3
16	22	-1
8	-24	-94
4	19	-94
24	-18	-186
-10	15	-186
-41	-6	121
-28	-37	79
-20	36	93
-39	-38	24
-44	50	45
-88	-31	5
-85	34	10
25	-13	-3
15	22	-1
9	-24	-94
3	19	-94
24	-18	-186
-10	15	-186
-38	-8	122
-22	-40	83
-20	35	93
-34	-42	28
-47	45	46
-84	-39	11
-88	26	13
25	-12	-2
14	22	-1
9	-24	-94
2	19	-94
24	-18	-186
-10	15	-186
-36	-9	123
-18	-41	83
-21	33	93
-26	-49	28
-51	39	46
-79	-49	19
-90	14	16
26	-12	-2
13	22	-1
11	-23	-93
2	19	-94
24	-18	-186
-10	15	-186
-33	-10	125
-11	-43	85
-22	31	94
-17	-53	30
-54	33	49
-72	-59	28
-92	2	22
26	-11	-2
11	22	-1
11	-23	-93
-1	19	-94
24	-18	-186
-10	15	-186
-30	-11	126
-5	-44	87
-23	29	94
-9	-56	32
-58	27	51
-64	-67	37
-93	-11	29
26	-10	-2
10	22	-1
11	-22	-93
-2	19	-94
24	-18	-186
-10	15	-186
-28	-13	127
4	-45	87
-24	25	94
1	-59	33
-61	18	53
-53	-75	41
-92	-26	37
26	-9	-2
8	22	-1
12	-21	-94
-2	19	-94
24	-18	-186
-10	15	-186
-25	-13	128
12	-45	89
-24	23	95
9	-61	35
-63	8	57
-41	-81	50
-88	-41	45
25	-9	-2
6	22	-1
12	-21	-94
-2	19	-94
24	-18	-186
-10	15	-186
-20	-13	129
16	-43	93
-26	19	99
16	-63	40
-65	1	63
-32	-83	59
-81	-52	59
25	-8	-2
4	22	-1
12	-20	-93
-3	19	-94
24	-18	-186
-10	15	-186
-17	-13	130
22	-42	94
-26	16	100
23	-63	41
-65	-9	68
-20	-84	68
-72	-65	70
24	-8	-1
2	22	-1
14	-19	-93
-4	18	-93
24	-18	-186
-10	15	-186
-15	-13	131
28	-40	95
-26	13	101
30	-63	44
-64	-18	74
-8	-85	77
-63	-73	81
23	-8	-1
1	21	0
14	-19	-93
-5	18	-93
24	-18	-186
-10	15	-186
-14	-13	132
31	-37	96
-27	11	103
36	-62	46
-63	-24	80
3	-85	85
-52	-78	92
22	-9	-1
-1	20	0
14	-19	-93
-6	18	-93
24	-18	-186
-10	15	-186
-12	-13	132
36	-35	97
-27	7	105
43	-61	48
-61	-32	85
15	-83	92
-41	-79	103
22	-9	-1
-3	18	1
15	-18	-93
-7	17	-93
24	-18	-186
-10	15	-186
-11	-12	133
39	-33	99
-28	5	108
47	-60	51
-60	-37	92
24	-79	98
-30	-79	113
21	-9	0
-5	17	1
16	-18	-93
-7	17	-93
24	-18	-186
-10	15	-186
-10	-11	133
41	-31	99
-28	4	109
51	-59	52
-56	-42	97
32	-75	102
-19	-76	121
20	-10	0
-6	16	1
16	-18	-93
-8	16	-93
24	-18	-186
-10	15	-186
-10	-11	134
42	-31	99
-29	3	110
52	-59	52
-52	-46	102
38	-69	106
-12	-74	127
20	-11	0
-7	15	1
16	-18	-93
-9	15	-93
24	-18	-186
-10	15	-186
-11	-10	134
42	-29	100
-29	2	111
53	-58	54
-50	-48	104
43	-66	108
-8	-73	132
19	-11	0
-8	15	1
16	-18	-93
-9	15	-93
24	-18	-186
-10	15	-186
-12	-10	134
42	-27	100
-29	2	112
53	-57	54
-49	-48	106
46	-62	109
-6	-72	134
19	-11	0
-9	14	1
16	-18	-93
-10	15	-93
24	-18	-186
-10	15	-186
-13	-10	134
42	-26	100
-29	2	112
53	-55	54
-49	-49	107
50	-60	110
-5	-72	135
18	-11	0
-10	14	1
15	-18	-93
-10	15	-93
24	-18	-185
-10	15	-186
-14	-10	134
41	-26	100
-29	2	111
52	-55	55
-50	-48	108
50	-59	110
-6	-72	135
18	-11	0
-11	14	1
14	-18	-93
-10	15	-93
24	-18	-185
-10	15	-186
